PI.18.2_18.1_RT_20.436	PI.38.6_RT_20.119	Unknown_mz_229.15463_._R	Unknown_mz_243.13472_._R	Unknown_mz_247.09216_._R	Unknown_mz_289.07495_._R	Unknown_mz_314.23224_._R	Unknown_mz_632.40179_._R	Unknown_mz_724.5285_._RT	Unknown_mz_760.62274_._R	Unknown_mz_762.6203_._RT	Unknown_mz_784.5116_._RT	Unknown_mz_794.50909_._R	Unknown_mz_812.51953_._R	X3.hydroxyisovaleric.acid	Creatinine..3TMS.Derivat	Inositol.RT18.082993	Phosphorylethanolamine.	Quinolinic.acid..bis.tri	unknown.RT.12.201671	unknown.RT.16.00869	unknown.RT.16.698449	unknown.RT.17.119627	unknown.RT.4.148561	unknown.RT.5.261918	unknown.RT.5.349937	unknown.RT.7.600111	unknown.RT.9.376246	unknown.RT.9.514184	Mevalonic.acid	K7ER74.A0A024R0T9.P02655	P00748	P01011.G3V595	P05109	P06702	P13796	P15814	P18065.C9JMY1	P24821.4.P24821.J3QSU6.E	P59666.P59665	Q8WWZ8	V9GYM3.P02652.V9GYE3.V9G	X6R8F3.P80188.P80188.2	AFDN	BMP2	C1orf226	CABP7	CCDC122	CD300LD	CDK11A	CLDN15	CTU1	CYFIP2	DBN1	EIF4ENIF1	FBXO45	GPR174	H6PD	HGSNAT	HHAT	LOC100130520	LOC112268354	LOC389831	MDGA1	MGME1	MSH3	NEBL	NUDT3	NUMBL	PGD	PHKG1	PLCH1	SH3RF1	SSTR3	STOM	TEX22	UAP1L1	VKORC1L1	ZDHHC11	ZNF527
PI.18.2_18.1_RT_20.436	0.23614781184246	0.224478910026053	0.0645893689685099	0.0822855796711899	0.188216030196992	0.110505596878119	0.0750349248319505	0.0597281609222716	0.228402866510366	-0.340471028336361	-0.410323468857845	0.0308179927087137	0.0505575498493501	-0.284815860007467	-0.0368438640846114	0.17309761018714	0.26833689887206	0.134985904417338	0.108965474997805	0.263796827225441	0.189964305683573	0.03900696946138	0.200641226003497	0.177727380589521	0.306065223396345	0.025178759363954	0.0337163474862347	0.196026195080048	-0.103734873864045	0.147514775708314	0.188295427194003	-0.212710400310465	0.0287674112131902	0.096885097112026	0.108889057591916	-0.0118365922824563	0.42175466644045	-0.0465005317035815	0.0463856453047025	0.0269191349951923	0.310251685698936	-0.00655532761896372	0.187665178449043	0.296113536462854	0.30884951619698	0.100124816310193	-0.322465135619911	-0.348807411536325	0.344698170150262	-0.363782336785393	-0.342997610270211	-0.38126266187584	0.28986393524348	-0.383843736380351	0.380798815383247	0.412182008741074	-0.014041091125869	-0.0198972375768755	0.390308633108519	-0.0453884648492658	0.287753725063672	-0.338204682062186	0.341400132979427	-0.372741862493922	0.359377798579397	0.388123879063223	0.323449787191002	0.387461951021076	-0.318125761176382	0.0714499894858682	-0.36414513944933	0.344860195792831	0.367211869464594	-0.421623171473573	0.145978360623187	-0.359073339110632	-0.337579220248527	0.374270863174428	-0.299548501385308	-0.0181969498645764
PI.38.6_RT_20.119	0.224478910026053	0.222982075919537	-0.0196706841614881	-0.00416471798635568	0.143643242949932	0.0403983043603218	-5.89691263759188e-05	-0.0286038616243404	0.235692556609108	-0.328616308557568	-0.384538168276027	-0.0452624137805693	0.114180541070104	-0.271687140206605	-0.103451292565243	0.0870581706854307	0.195302068859944	0.121577859272717	0.0166660516022439	0.248963047578605	0.137357666777758	-0.0566576449457422	0.168301883102315	0.181699100898447	0.261083964194109	-0.0666187864357137	-0.0505221881658865	0.214817628730369	-0.114616880692587	0.0697159694006069	0.190038228736804	-0.195865266013143	-0.0432973460864228	0.0136823947784532	0.0287833877403053	-0.0792590866604311	0.407498039447795	-0.110410964151162	-0.0400555070223342	-0.0405902821215212	0.275933260954347	0.0630184728887224	0.132636846704904	0.273983991834114	0.242843887000449	0.00383869314236209	-0.365823451512254	-0.32647909530706	0.290783110768169	-0.38481937585408	-0.351467483269744	-0.360800751080281	0.262604658410389	-0.397816737945294	0.393331729252676	0.405619313730031	0.074266802693988	-0.112709800500755	0.373628568090795	0.046665197322395	0.284622454409826	-0.358213309591243	0.3299320715634	-0.333073537753289	0.335737254041984	0.359653832026819	0.264522974959812	0.395000075071267	-0.348330380385818	-0.0250412687589	-0.381052181257213	0.29530439732187	0.363842866580735	-0.38613965129772	0.0544677205195179	-0.369322870935897	-0.319462463601861	0.332398679921921	-0.287779359441694	0.0743139095966509
Unknown_mz_229.15463_._R	0.0645893689685099	-0.0196706841614881	0.702582791877695	0.718539723497904	0.349482305248637	0.5764011869276	0.623637595093906	0.737685160660403	-0.0944696134656567	-0.0511404928058384	-0.158778470253945	0.638337910507198	-0.544805062928931	-0.0699163749556597	0.568045168684142	0.701994880045002	0.578412827399865	0.0938464007688249	0.764115832448894	0.087347763847897	0.41710559187859	0.802618561503071	0.244337778914258	-0.0591418982495657	0.3359672955153	0.771937924567752	0.70684560083036	-0.186982422844917	0.106872043228054	0.636055891559014	-0.0418320239802539	-0.11169554243714	0.604706418522902	0.689000214303951	0.66110642025948	0.571331206775205	0.0597313854932492	0.546649480840066	0.723630754259546	0.566486156714442	0.24527833890114	-0.586859005552422	0.437896550516643	0.144334482860779	0.513193411032966	0.799070687660871	0.412741371555472	-0.138427810793671	0.405883844140891	0.230105530091652	0.120938044064157	-0.117986871028034	0.188573368082889	0.173312266199591	-0.160707150880134	-0.00389361936365947	-0.744058597005522	0.787002738873335	0.0847331921607978	-0.771192286020607	-0.0149712397482901	0.217734609714397	0.0477400049142682	-0.281481288886395	0.147992577022408	0.184656818553078	0.451285250195341	-0.119467311399169	0.300986047897418	0.804931937581159	0.195264975186424	0.36903077097906	-0.0244018380028429	-0.239088311176831	0.752123179578779	0.138288033992187	-0.104462390886035	0.299880735258704	-0.0563088464788129	-0.778969570851879
Unknown_mz_243.13472_._R	0.0822855796711899	-0.00416471798635568	0.718539723497904	0.736003191547008	0.368423498423187	0.593547067707186	0.639049564529925	0.753869130562968	-0.0799010694492081	-0.0759729594679883	-0.190282429067967	0.650871288515429	-0.550083535592404	-0.0911300312746233	0.574667631349793	0.72559184676584	0.606718096800355	0.104885800579628	0.784199910803096	0.107362554136034	0.437267619365011	0.818395661614154	0.262448331904105	-0.047572457903936	0.362997220991356	0.786242194662358	0.720695245696754	-0.176197922158299	0.101293603607055	0.656779080889461	-0.0292366066758961	-0.128504044718021	0.616549366853372	0.707013462192047	0.679513178680173	0.579769958927951	0.0904335963704339	0.55224390031443	0.738645992707338	0.57757845767628	0.271131439250311	-0.59684637480604	0.458233950314859	0.167552469824069	0.543296157214284	0.819098868053131	0.396707485868317	-0.165264722360366	0.436772108698105	0.208194539135964	0.0987204441547799	-0.146780027599044	0.212068808492301	0.149065189203464	-0.136470141672696	0.0251010521447752	-0.757125181693568	0.798373771613364	0.113624332325532	-0.786909190757438	0.00507172909953859	0.197425992804606	0.0725827783954054	-0.312327406143212	0.17572992067846	0.215015786351039	0.48141245786603	-0.094091208104639	0.283444191504321	0.823033742898134	0.172762914869579	0.399332300416014	0.00108967748972587	-0.272692371444991	0.774621928645287	0.115218738251151	-0.129956452790915	0.331133282567202	-0.0783402575185557	-0.792895769450896
Unknown_mz_247.09216_._R	0.188216030196992	0.143643242949932	0.349482305248637	0.368423498423187	0.279672264349056	0.325713755286248	0.32221608533906	0.36145910915775	0.113759243847639	-0.253098035707895	-0.347292175720613	0.29863200727985	-0.20276199171691	-0.223531824898931	0.222171804026187	0.422797575710735	0.433602236478287	0.132355490941274	0.406342947908306	0.216864725136095	0.310280090541443	0.375661771361124	0.242349126403919	0.0947709672184477	0.353696416863312	0.352936981854072	0.330404411849885	0.0515553946346747	-0.0238352788783232	0.376762201119187	0.109467758858837	-0.192820521578354	0.282608821117314	0.365469855112376	0.361472404907501	0.240557039717758	0.311948041731384	0.206315237054313	0.346297597179629	0.264726258428776	0.317076754401919	-0.259783226697278	0.317767241623052	0.263570746036795	0.432694169763182	0.415557411144448	-0.0390576244515604	-0.296728442577237	0.410310676529051	-0.146535306587469	-0.17994085547738	-0.309840123020489	0.278581426968726	-0.184847776426117	0.188267654711135	0.277774732189129	-0.333255272834171	0.328929029332719	0.301505037227008	-0.366315201473707	0.188589711386204	-0.134575579795506	0.252248459557837	-0.375198192079201	0.30805697457954	0.343499848833454	0.415657646008399	0.21072860086436	-0.0847394492913615	0.39866541530156	-0.161940195605818	0.394385999394162	0.238360956595123	-0.389895925642693	0.426220604312719	-0.183291698370524	-0.274337337371107	0.384240369816948	-0.227600344618574	-0.351262579374322
Unknown_mz_289.07495_._R	0.110505596878119	0.0403983043603218	0.5764011869276	0.593547067707186	0.325713755286248	0.487251405851921	0.516057279662833	0.603178502675931	-0.0182685979911393	-0.125845377425022	-0.229131768145162	0.516732550532802	-0.421815120367827	-0.126912888662014	0.443773853735026	0.603042346225287	0.528288540335381	0.108561620396918	0.636556820147286	0.135561836129668	0.380075715177457	0.649781623911011	0.244972187673892	-0.00275794126534942	0.344380163753795	0.621860938536454	0.572087103556391	-0.100130608965776	0.0593061027886127	0.544068616294708	0.0136859041241814	-0.142214038047812	0.48940130377735	0.573638814625457	0.554394431486401	0.452642136774312	0.153004169912529	0.42429953945538	0.588637500313915	0.458461356468668	0.273107584811018	-0.469619629857071	0.396080730481377	0.189079123045014	0.486402081569523	0.66222226715233	0.24856883179542	-0.1975341113725	0.40978621273394	0.0926058480566531	0.0107447989935388	-0.189342497405649	0.222795335759542	0.0423047273763348	-0.0330137199548964	0.0998757153278357	-0.596846326876875	0.622612242545819	0.165084923542663	-0.62631558565057	0.0599545492240879	0.0891312325387408	0.123365839750438	-0.317589787220409	0.207802322345996	0.244221662088252	0.440682125518528	0.00153710083420686	0.160535401333911	0.659732038992842	0.0647321314233493	0.380438768350132	0.0722862904930456	-0.295996782052074	0.636240856102571	0.0205638839797228	-0.167643620992912	0.332644156688672	-0.119742612446162	-0.625723865005764
Unknown_mz_314.23224_._R	0.0750349248319505	-5.89691263759188e-05	0.623637595093906	0.639049564529925	0.32221608533906	0.516057279662833	0.554924380409964	0.6541737304033	-0.0656226299760445	-0.0712147274040619	-0.171368731718986	0.564468711036716	-0.475849084301858	-0.0834682670510648	0.497368115859548	0.631464156040141	0.529965849491857	0.0930183543346507	0.681234024721215	0.0972014013709986	0.381897310684171	0.70975843681264	0.230584859290746	-0.0384111685662718	0.319377797103255	0.681678717780424	0.625017153224782	-0.149576044730895	0.0861307279982932	0.571433195234545	-0.0223559975188765	-0.114712699985686	0.534696265317973	0.614160769110606	0.590521537223723	0.502184742939707	0.0850302686735675	0.47778520011877	0.640771858499716	0.500898661022744	0.239842101245305	-0.517272332341832	0.40002832470508	0.149867129149088	0.475651243101956	0.711334245813791	0.338648631379178	-0.148718058765526	0.383914813422462	0.174648392440829	0.0801175296860645	-0.133214257774692	0.188341805324428	0.123095444918215	-0.112229959540228	0.0282681022753159	-0.656272639203874	0.69147795196027	0.10462782362628	-0.682576254878585	0.00894502022765782	0.165721892738033	0.0682918204708913	-0.276526675639711	0.157953329108171	0.192449188807956	0.422259763682873	-0.0754031556108775	0.240574362758313	0.714290377713437	0.143941076493593	0.351475701000155	0.00675106493355745	-0.242955810832613	0.673519980975092	0.0941591256466981	-0.117945811522197	0.292846186758065	-0.0726188732220337	-0.687333648744685
Unknown_mz_632.40179_._R	0.0597281609222716	-0.0286038616243404	0.737685160660403	0.753869130562968	0.36145910915775	0.603178502675931	0.6541737304033	0.77482548229798	-0.107519346558255	-0.0418986152671528	-0.152807851846155	0.671209503164923	-0.575560527449338	-0.0636286133760182	0.599554999077443	0.733253640457655	0.599751889764132	0.0940956571009479	0.800932142282716	0.0827256937344021	0.432617977333674	0.843940828621447	0.25028520655999	-0.0685320498008161	0.343084689538734	0.812114074136033	0.743259411107019	-0.203815556214158	0.116201389984631	0.664706066398868	-0.0506727303446547	-0.110163449100142	0.635861136243037	0.722245420675674	0.692446157002235	0.602137220242347	0.0480906480312599	0.577360513738724	0.7604922733577	0.595672806677845	0.247424734949837	-0.617844787849161	0.454595622567668	0.141608222393002	0.529639960865547	0.838056918136591	0.446025348661341	-0.133536013340415	0.41536289382012	0.25512641617358	0.139421860994364	-0.11086749774344	0.188419828297716	0.196017053944139	-0.182634469148774	-0.0185823600920695	-0.783143106073934	0.829563916593279	0.0755271734319135	-0.81061872448765	-0.025877547072832	0.24119881690463	0.0382846060125533	-0.283357851356308	0.143238166146561	0.180842678516267	0.463925825419429	-0.139435110697486	0.328173096232568	0.845237402004905	0.218445375533843	0.376543846063091	-0.0386014640982852	-0.236992514686328	0.78700116504097	0.158259534237069	-0.0981584030574423	0.302682277719788	-0.0487796580448508	-0.819765045864206
Unknown_mz_724.5285_._RT	0.228402866510366	0.235692556609108	-0.0944696134656567	-0.0799010694492081	0.113759243847639	-0.0182685979911393	-0.0656226299760445	-0.107519346558255	0.256873038465122	-0.338924406430251	-0.386199719823861	-0.114528954116112	0.176903648834445	-0.277304258832213	-0.168105462127183	0.0174150404001166	0.14381699339835	0.117514826934107	-0.0628673387098677	0.251663081235695	0.100064667006179	-0.143738313201438	0.150648278129948	0.196588683766157	0.238226004733663	-0.150949535295703	-0.127241743604308	0.24472733352562	-0.131322442523119	0.00617706017081928	0.203506097814947	-0.193471432206907	-0.108934535439172	-0.058096757520087	-0.0393426415029009	-0.143104051482428	0.420667902880349	-0.173148053392159	-0.118040069533756	-0.102080304846544	0.263317848035487	0.127720683099874	0.0929328488992309	0.271887419176015	0.200484194743322	-0.0799816081097802	-0.42667366883107	-0.327508976029098	0.261992560033886	-0.427376368273261	-0.380956247092726	-0.365617633106744	0.255314288971337	-0.435023595375891	0.428999392713099	0.425388183614624	0.156031722358443	-0.20082410958262	0.382553544204399	0.129965207587595	0.299780893464778	-0.398199926195632	0.340660450092838	-0.319379446978661	0.336203501026471	0.357407194310862	0.229706179292437	0.426411965391223	-0.396597234401999	-0.110856136187985	-0.419766705550315	0.270603875319542	0.383773772419017	-0.379434945400825	-0.0220007120957987	-0.401487787203382	-0.323728118144707	0.316738109629397	-0.295595045436764	0.159751146576202
Unknown_mz_760.62274_._R	-0.340471028336361	-0.328616308557568	-0.0511404928058384	-0.0759729594679883	-0.253098035707895	-0.125845377425022	-0.0712147274040619	-0.0418986152671528	-0.338924406430251	0.493454558308367	0.588739094865686	-0.00582167033928946	-0.107134311945813	0.411128606257753	0.0885569299164114	-0.209439708006223	-0.355924711700593	-0.191129406754498	-0.11209292031793	-0.379403117499505	-0.251502929808918	-0.00769586131267594	-0.277665557363418	-0.262846941428331	-0.425813743668673	0.0105924846958012	-0.00584978621546379	-0.297372518643728	0.157851866030485	-0.176168010486255	-0.277199794167641	0.303399305101627	-0.004892295163059	-0.0990775317051771	-0.118295515060875	0.0522843437389837	-0.611483086274612	0.101330060047356	-0.023299552768306	-0.00453926219351862	-0.437478708896649	-0.0264108560747606	-0.246875169867492	-0.423045151140908	-0.419011504800234	-0.0970559126400688	0.495626360955203	0.500263120782129	-0.477875692010398	0.544694163117245	0.507687373942853	0.548853217877684	-0.411218221354969	0.570473244171283	-0.565259475608295	-0.60142097066847	-0.0251282871959585	0.0772608610226253	-0.564085406202176	0.0189298033411463	-0.420616849081989	0.506629945898521	-0.495018126787874	0.526403791269433	-0.515094130326955	-0.554773957390452	-0.44410124101887	-0.572450066825913	0.482447086413459	-0.0548733743029707	0.543087741496099	-0.480370953694529	-0.537087471818212	0.600297456033007	-0.16681264750214	0.532197886407844	0.485968339522201	-0.527506083635629	0.433450779818679	-0.0212067162848954
Unknown_mz_762.6203_._RT	-0.410323468857845	-0.384538168276027	-0.158778470253945	-0.190282429067967	-0.347292175720613	-0.229131768145162	-0.171368731718986	-0.152807851846155	-0.386199719823861	0.588739094865686	0.716129680856374	-0.0963597441535121	-0.0498801947406567	0.494344984968872	0.0247271264321113	-0.345262162356474	-0.500577561383257	-0.238416464553497	-0.239242221295083	-0.459398370533631	-0.354893397950696	-0.121601661979335	-0.361504782409879	-0.301490525105047	-0.548954209469502	-0.0957460379971083	-0.105998039176607	-0.324257255522172	0.171054836040238	-0.296804248524555	-0.320833254167897	0.373236532206515	-0.0905490919611222	-0.21337109610117	-0.232109898852877	-0.0184832420961289	-0.729048031414084	0.0427809014141054	-0.128917117723566	-0.0847743262614548	-0.549987049093618	0.0511539463749448	-0.352354283882739	-0.518823255163529	-0.565785405476169	-0.226420975570088	0.526259895011113	0.609001603838318	-0.620115355737217	0.609696112262989	0.581387045347326	0.663402321605566	-0.511086971628095	0.648041199444032	-0.643663734673907	-0.70826858205429	0.0747057944685704	-0.0192851068943105	-0.676692115033382	0.130435469159046	-0.493625793270004	0.56656938028317	-0.590105096700959	0.659867009164739	-0.627821965244021	-0.679727802529727	-0.586675455181104	-0.6579203776671	0.526395963098328	-0.177527837155412	0.612687677137573	-0.617889181573519	-0.629571922111801	0.741011861478993	-0.302051611261289	0.607841744443219	0.587392115879265	-0.663745838353534	0.518745295452865	0.0842223381837292
Unknown_mz_784.5116_._RT	0.0308179927087137	-0.0452624137805693	0.638337910507198	0.650871288515429	0.29863200727985	0.516732550532802	0.564468711036716	0.671209503164923	-0.114528954116112	-0.00582167033928946	-0.0963597441535121	0.583340534212486	-0.507169547663954	-0.0298262534606654	0.526883219255109	0.624663077850209	0.499478291454625	0.0699702105534463	0.689557617268759	0.0484018703681178	0.360612622458497	0.733436032906199	0.200428014111293	-0.0759046262903669	0.271937641072154	0.706893266754585	0.645995314843866	-0.195692784247749	0.110845143627476	0.567116490150045	-0.0612641523197653	-0.0769778389277819	0.552658309399664	0.621937031400621	0.594830489876421	0.526878395056479	0.00388380265756791	0.508374761409627	0.659898868817372	0.517731366828921	0.188025480944721	-0.538932894766709	0.380012081469144	0.0969000888491321	0.434593108068968	0.722775227396776	0.418624786141468	-0.0850895890676676	0.331562715845646	0.25565819656464	0.152742480483352	-0.0623618570734902	0.138342468299271	0.20585447954945	-0.193893158093813	-0.0534725614169815	-0.68260115668808	0.726204298265798	0.0306839444531327	-0.70376127424633	-0.0485993565193231	0.241184836570035	0.00258182575653395	-0.213756865256568	0.0926067075817527	0.12284681441882	0.375889744218868	-0.156771954285982	0.315319661398646	0.731636620920356	0.223659719348089	0.297649825863045	-0.0668903853119439	-0.168851882260185	0.67404799281899	0.170644884654386	-0.055211138520233	0.230493515252759	-0.0155283120033208	-0.714205275250275
Unknown_mz_794.50909_._R	0.0505575498493501	0.114180541070104	-0.544805062928931	-0.550083535592404	-0.20276199171691	-0.421815120367827	-0.475849084301858	-0.575560527449338	0.176903648834445	-0.107134311945813	-0.0498801947406567	-0.507169547663954	0.466457503099375	-0.067489209215556	-0.479417355243608	-0.496888395211333	-0.354455866627413	-0.0175306440866722	-0.575592612320499	0.0440827775651762	-0.257152726360103	-0.637580434531896	-0.111571814156587	0.125935503047756	-0.140218062838561	-0.618601988959081	-0.561778834798664	0.238204838023534	-0.132517540274588	-0.454291298420364	0.116437281325746	-0.00189045590918483	-0.480635428211379	-0.519607910433833	-0.491609280836044	-0.471164951394567	0.135662613260008	-0.466188221578334	-0.569930466947069	-0.450270164364107	-0.0644199386215595	0.475789266808406	-0.275115411219431	0.0117312340458577	-0.283550350805825	-0.607967480197379	-0.477614813552781	-0.039585321231316	-0.180354154573461	-0.346715881057396	-0.248589906468069	-0.0704460437918593	-0.0270831455759215	-0.309164401612699	0.297552227551021	0.183371632585034	0.600732113631799	-0.650595307789213	0.101523152505712	0.609158639947945	0.138009775304518	-0.325443960469863	0.110314006432576	0.066628680227827	0.0364052029405225	0.0190681267467973	-0.22667381291484	0.266829068812493	-0.384567648171639	-0.625283978594837	-0.31845776762867	-0.150225144924929	0.18043873921598	0.0106823215095762	-0.549630011253134	-0.269768855539039	-0.0623795726966444	-0.0809672310871863	-0.0850285594710697	0.627389430784507
Unknown_mz_812.51953_._R	-0.284815860007467	-0.271687140206605	-0.0699163749556597	-0.0911300312746233	-0.223531824898931	-0.126912888662014	-0.0834682670510648	-0.0636286133760182	-0.277304258832213	0.411128606257753	0.494344984968872	-0.0298262534606654	-0.067489209215556	0.343607053326091	0.0511764427025213	-0.201140062753934	-0.317751658227509	-0.162141740119683	-0.122862195793983	-0.317985955897182	-0.224857671287526	-0.0378139421109762	-0.239783070404336	-0.215611585275208	-0.366202033751253	-0.0214494204665693	-0.0325325578116401	-0.239230254842344	0.126690341457934	-0.170971928977553	-0.228189524358091	0.255924336571781	-0.0277385804055291	-0.109129286419629	-0.12397060205138	0.0209739582195813	-0.509323128426618	0.0626046397637361	-0.0476576145893159	-0.025949043929174	-0.372321830920247	0.00108600779438509	-0.221835015567339	-0.356401588716354	-0.367503037021175	-0.111763884186038	0.394762073327804	0.420192088431579	-0.412105038108368	0.442597084850338	0.416189929915444	0.45967785717607	-0.348328363661943	0.466194873312199	-0.462365769393123	-0.498488804603294	0.00830586116262729	0.0332356920238016	-0.471004617916389	0.0458973031150715	-0.34814931870484	0.411522329198151	-0.412291794482536	0.447467914925101	-0.43286314515881	-0.467197794559579	-0.385880535972868	-0.469942618292791	0.388211784666001	-0.0770196660639577	0.442629666436981	-0.41273058146024	-0.444346390787275	0.507073288587732	-0.167760936650554	0.435832240388015	0.407010009103947	-0.449102416003906	0.361581567970407	0.0129244882947756
X3.hydroxyisovaleric.acid	-0.0368438640846114	-0.103451292565243	0.568045168684142	0.574667631349793	0.222171804026187	0.443773853735026	0.497368115859548	0.599554999077443	-0.168105462127183	0.0885569299164114	0.0247271264321113	0.526883219255109	-0.479417355243608	0.0511764427025213	0.49372815944798	0.525568618357374	0.384409129084767	0.0269894344112376	0.602815295696061	-0.02833104329966	0.278574673057921	0.662380517464325	0.128614608343205	-0.11868052432154	0.165169906832404	0.641833640835161	0.583587643537656	-0.233667307385073	0.130341778856707	0.479808681015963	-0.108158287942848	-0.0119849712323982	0.49928899579954	0.544085667565542	0.515896998240946	0.486826867572232	-0.11275304882546	0.479404582663188	0.592854030744331	0.46774322881394	0.0870017729494331	-0.49281794905776	0.297013340247347	0.0072672493076478	0.313685168186612	0.635740206601917	0.473142656420283	0.0181049527554171	0.209238306377961	0.334969009091399	0.234781941696912	0.0479151556564755	0.04702615163361	0.294792601090821	-0.282974877827954	-0.162753917609693	-0.622610351971304	0.671988769372104	-0.0794835754839809	-0.633385414677283	-0.123964733403581	0.31463136760599	-0.0917866605713881	-0.0933832779689767	-0.014121088415843	0.0057048968833127	0.255781282682082	-0.250743156345365	0.377133729820593	0.651781438006969	0.305701265772831	0.178068794280766	-0.162666118231152	-0.0386888572525749	0.578372811571889	0.255646139568595	0.042430349308948	0.108322276291472	0.0683620938353993	-0.650470054411545
Creatinine..3TMS.Derivat	0.17309761018714	0.0870581706854307	0.701994880045002	0.72559184676584	0.422797575710735	0.603042346225287	0.631464156040141	0.733253640457655	0.0174150404001166	-0.209439708006223	-0.345262162356474	0.624663077850209	-0.496888395211333	-0.201140062753934	0.525568618357374	0.752603191177005	0.679395072008106	0.153355918348675	0.781735648195214	0.207889022472924	0.488257060153253	0.785545968268827	0.328158819945184	0.0272841229491579	0.46545503336726	0.749700001477317	0.69151023806934	-0.0862778245747292	0.0532301777213432	0.677513690970642	0.0488127513641839	-0.207069577225824	0.591550739573953	0.704242510230221	0.683242154181365	0.540502359805148	0.255982655036362	0.500564514732806	0.713528239533229	0.554147810822966	0.380747843632246	-0.564017239010083	0.507045051688957	0.277597407434081	0.636162594893042	0.810976786964178	0.242434562592837	-0.296801091554418	0.550500489680908	0.0483850063127126	-0.0461567539014022	-0.292568655886752	0.316934206846085	-0.0153591215837882	0.025971298842897	0.190654952599509	-0.717800358955511	0.742842197874769	0.265050340141567	-0.758517791776215	0.121389042720691	0.0486226463869975	0.206627633197034	-0.444820071598459	0.310927969633799	0.359528086597475	0.583875323086477	0.0685309591968033	0.137664032462741	0.803056574485344	0.0149129548482808	0.515352350717645	0.149845997999961	-0.427351841633892	0.787727458736482	-0.0371544362071682	-0.259041610484636	0.463127497062564	-0.195081455980199	-0.753128444398412
Inositol.RT18.082993	0.26833689887206	0.195302068859944	0.578412827399865	0.606718096800355	0.433602236478287	0.528288540335381	0.529965849491857	0.599751889764132	0.14381699339835	-0.355924711700593	-0.500577561383257	0.499478291454625	-0.354455866627413	-0.317751658227509	0.384409129084767	0.679395072008106	0.677286671023561	0.195359810095874	0.665259368676821	0.310959439173909	0.485097868048667	0.628263371187348	0.367687581388667	0.1225025278017	0.533783154536145	0.592716838536589	0.552700938669731	0.0453428098767099	-0.0181529075415529	0.606864704367702	0.145143140741644	-0.28116490197723	0.472763762184834	0.598582553182925	0.589234566205569	0.410204773067557	0.438229791932047	0.359607673560444	0.576918557404437	0.442854812512882	0.470827009007204	-0.438843858958882	0.498279110559018	0.383182627531163	0.667062082209508	0.682770323876367	0.00294479400868712	-0.428076984754474	0.621443460857302	-0.170337216825826	-0.23140505681208	-0.443338833025199	0.409960803562238	-0.230963505294634	0.237411918814693	0.382369318334573	-0.561750512770637	0.561695128461369	0.427274122679478	-0.611055770137339	0.257906113522896	-0.155553037873174	0.354285756992263	-0.555926625559372	0.445008975610847	0.498910266416541	0.635060409308063	0.274047478451888	-0.0754015952587728	0.660291548584193	-0.196365782166572	0.594421500670603	0.325216981515813	-0.570354658855995	0.691010242500877	-0.233637103748773	-0.392538508717667	0.57092240786299	-0.321487888692756	-0.591376128884955
Phosphorylethanolamine.	0.134985904417338	0.121577859272717	0.0938464007688249	0.104885800579628	0.132355490941274	0.108561620396918	0.0930183543346507	0.0940956571009479	0.117514826934107	-0.191129406754498	-0.238416464553497	0.0699702105534463	-0.0175306440866722	-0.162141740119683	0.0269894344112376	0.153355918348675	0.195359810095874	0.0818914691355808	0.123317960440829	0.152053530129783	0.138935522398921	0.0881190025432702	0.130436508939036	0.0926361123402643	0.195917681845592	0.0779789404875696	0.0772550077349416	0.0920547107404274	-0.0480558113873377	0.133833479683186	0.099875428901869	-0.126036671970795	0.0660494373535222	0.110444092106277	0.11471450701955	0.0409886281053423	0.236458675209886	0.0199107710101345	0.085604054807205	0.0618583158367996	0.190678053216199	-0.0523742243190292	0.139401586123771	0.174528023804524	0.212175879530805	0.121370701629694	-0.142691260468837	-0.202959895126374	0.22293370191872	-0.180549158213225	-0.178214095579067	-0.219075120653275	0.174774585144949	-0.196280836065596	0.195657188933237	0.225916282208287	-0.0695485000305828	0.0544895651260094	0.221276463450008	-0.089009741099057	0.15669894896712	-0.16753820090439	0.191356749293898	-0.227986845679778	0.209556770542863	0.228382325665235	0.215044301307292	0.202742075986225	-0.149597865089255	0.106118713920434	-0.183644027370479	0.219959634202394	0.199528398529746	-0.251293544997787	0.142636966367626	-0.185595773073585	-0.19397392947657	0.230355337782237	-0.169097269483852	-0.0747311678007361
Quinolinic.acid..bis.tri	0.108965474997805	0.0166660516022439	0.764115832448894	0.784199910803096	0.406342947908306	0.636556820147286	0.681234024721215	0.800932142282716	-0.0628673387098677	-0.11209292031793	-0.239242221295083	0.689557617268759	-0.575592612320499	-0.122862195793983	0.602815295696061	0.781735648195214	0.665259368676821	0.123317960440829	0.837550252987438	0.138015506209959	0.47913721352927	0.867063364040026	0.295705294982866	-0.0335149873252487	0.4116744399131	0.831844282658687	0.763493502206242	-0.167497564042342	0.0971322759376966	0.706738388685989	-0.013179287446772	-0.155526940537839	0.653155760708377	0.754985546891239	0.727099035976125	0.610544322215747	0.134974570579246	0.57825240269892	0.783620050704766	0.611868222067036	0.31514919805715	-0.630285331166827	0.501040905718157	0.204547444335198	0.602150247129916	0.873539102264525	0.388272145623043	-0.207077432182583	0.493131031411526	0.185515572907377	0.0719708270144584	-0.190620995349077	0.250925673020048	0.121252276505082	-0.108250219684033	0.0651509475027668	-0.800081064088583	0.840414174341023	0.156490541578327	-0.834443963156658	0.0323466807200132	0.176554407661529	0.108603459292755	-0.364473369829322	0.219109846989838	0.263253119462447	0.538232958408098	-0.0629155171649566	0.269186966537351	0.875000208122465	0.148101326310612	0.45364739691896	0.035600113374884	-0.327244450461666	0.830917940367496	0.0878682880804459	-0.168773972233638	0.384456933187269	-0.11075120390614	-0.838208766693763
unknown.RT.12.201671	0.263796827225441	0.248963047578605	0.087347763847897	0.107362554136034	0.216864725136095	0.135561836129668	0.0972014013709986	0.0827256937344021	0.251663081235695	-0.379403117499505	-0.459398370533631	0.0484018703681178	0.0440827775651762	-0.317985955897182	-0.02833104329966	0.207889022472924	0.310959439173909	0.152053530129783	0.138015506209959	0.295020236569754	0.220307423422549	0.0611447936067859	0.228336495962745	0.196145652932217	0.347497113481241	0.0451007402235936	0.0531419461985831	0.213639553895648	-0.112879880738758	0.17800313651174	0.208270962082746	-0.238802638006946	0.0453774713291753	0.122927455258384	0.135645166204523	-0.000474678531144848	0.469901076368811	-0.0395344472957069	0.0675901355065049	0.0424760268556641	0.350136247788506	-0.0203035341907655	0.218214340977915	0.332188938231556	0.354522568001587	0.128968933211889	-0.349106288896063	-0.390601583419908	0.391970121137229	-0.399062413267146	-0.37839233318632	-0.426206341974072	0.326227051401325	-0.422610987828509	0.41950770033285	0.457854079405558	-0.0321080714868429	-0.00464513779847933	0.435518763817256	-0.067537486410752	0.319366592360896	-0.370919720686802	0.38035992124504	-0.420367006460386	0.402557654430934	0.435308444621205	0.369370152712176	0.427825521149618	-0.346764660083021	0.0972408073150313	-0.400238489533044	0.391332485941	0.407436562581738	-0.473734322086272	0.178871306344082	-0.39586777280168	-0.377373311885545	0.422473972446236	-0.334052237838319	-0.0374998529699965
unknown.RT.16.00869	0.189964305683573	0.137357666777758	0.41710559187859	0.437267619365011	0.310280090541443	0.380075715177457	0.381897310684171	0.432617977333674	0.100064667006179	-0.251502929808918	-0.354893397950696	0.360612622458497	-0.257152726360103	-0.224857671287526	0.278574673057921	0.488257060153253	0.485097868048667	0.138935522398921	0.47913721352927	0.220307423422549	0.347483361507823	0.453588521019838	0.26240804185181	0.0855233279062729	0.380691836396571	0.428124395265031	0.399044850135256	0.0294198576746732	-0.0113446735210567	0.436253992818448	0.101711947299129	-0.199641727079877	0.341332209869467	0.43113472115975	0.424169732331969	0.29679665591257	0.309617403318473	0.260808039764126	0.416337637041071	0.319738638651602	0.335100315537602	-0.317188103752402	0.357053359297995	0.271972804694774	0.477009725044246	0.491950038910571	0.00766416353294532	-0.303528647983643	0.443410419498584	-0.116916059727274	-0.161427166243546	-0.314006459022955	0.291441705129496	-0.16040680279731	0.165121513091953	0.269392489269359	-0.405925749511923	0.406468240471607	0.302235798994646	-0.441037242517319	0.181536663472031	-0.10666557079372	0.250301956227281	-0.395557925133611	0.315589678632047	0.354068926763972	0.453620704391518	0.191496031564149	-0.0490577073239473	0.476189228832759	-0.135729464536158	0.423869744398377	0.228841091092125	-0.405150910783282	0.497120755000907	-0.162765087629315	-0.278025719329455	0.406374195406414	-0.227306227446618	-0.427274851307077
unknown.RT.16.698449	0.03900696946138	-0.0566576449457422	0.802618561503071	0.818395661614154	0.375661771361124	0.649781623911011	0.70975843681264	0.843940828621447	-0.143738313201438	-0.00769586131267594	-0.121601661979335	0.733436032906199	-0.637580434531896	-0.0378139421109762	0.662380517464325	0.785545968268827	0.628263371187348	0.0881190025432702	0.867063364040026	0.0611447936067859	0.453588521019838	0.922151899604956	0.25220903968859	-0.0952341240596171	0.342230767267251	0.88876584529742	0.812211645785627	-0.245816941251408	0.139244756538304	0.713167513848417	-0.0768157726506656	-0.0970152791889037	0.694858692327437	0.782034361314639	0.747968076274559	0.66240211285459	0.00534939492446307	0.639100170911482	0.829705832442106	0.650944925522317	0.236737257738834	-0.677577915165551	0.477975849967761	0.122154679805356	0.546731612648861	0.908816258200362	0.525957222122032	-0.107364273303936	0.417236823832922	0.321022598124254	0.191655323071573	-0.0788258456743526	0.174250989694914	0.258384936097438	-0.243349993006628	-0.0667721929156778	-0.858212393016992	0.912994683642763	0.0390089555379814	-0.884850517502574	-0.0607830109869429	0.302854330746126	0.00362361073271527	-0.26915703141133	0.116826824574402	0.154877842498467	0.472943253854539	-0.196672176601107	0.396082174758891	0.919925483244074	0.280792272703571	0.374600193129362	-0.0836914259008375	-0.212754535684815	0.847604906931227	0.214145249046931	-0.0697873224960031	0.29020079145277	-0.019854223114897	-0.897951108514442
unknown.RT.17.119627	0.200641226003497	0.168301883102315	0.244337778914258	0.262448331904105	0.242349126403919	0.244972187673892	0.230584859290746	0.25028520655999	0.150648278129948	-0.277665557363418	-0.361504782409879	0.200428014111293	-0.111571814156587	-0.239783070404336	0.128614608343205	0.328158819945184	0.367687581388667	0.130436508939036	0.295705294982866	0.228336495962745	0.26240804185181	0.25220903968859	0.222881226433951	0.121198511875046	0.32982405675095	0.233019425077863	0.221621714246147	0.0999985920972057	-0.050726489782462	0.290118237851222	0.134166225733646	-0.195531426326391	0.189537840466921	0.265576985930861	0.267151953245594	0.148878817703071	0.342954201929001	0.115222080316475	0.236070616495459	0.177534914335093	0.307978169087532	-0.167409133030666	0.266379694567521	0.269112637421713	0.381002882923697	0.298531885762228	-0.135411484676157	-0.308262977541683	0.379065482310916	-0.21791059864202	-0.232021174316354	-0.327728509898451	0.276512790075461	-0.249147810634776	0.250277884035293	0.317945332340605	-0.216687138357991	0.202298504012115	0.325531402770456	-0.248455161846657	0.218575540281966	-0.201535909053246	0.277444035583993	-0.366358946471281	0.31909007120682	0.351481051413148	0.375178387899785	0.266842703161851	-0.162966344452214	0.277959345682782	-0.227828905927485	0.368996686289405	0.277466223521815	-0.392465673517697	0.321035308346374	-0.239664225826319	-0.290177108362417	0.372631975921577	-0.247421823356619	-0.229560690338401
unknown.RT.4.148561	0.177727380589521	0.181699100898447	-0.0591418982495657	-0.047572457903936	0.0947709672184477	-0.00275794126534942	-0.0384111685662718	-0.0685320498008161	0.196588683766157	-0.262846941428331	-0.301490525105047	-0.0759046262903669	0.125935503047756	-0.215611585275208	-0.11868052432154	0.0272841229491579	0.1225025278017	0.0926361123402643	-0.0335149873252487	0.196145652932217	0.0855233279062729	-0.0952341240596171	0.121198511875046	0.150711394415115	0.190662744503003	-0.101409662938657	-0.0843763524196488	0.185382809011193	-0.0993489809563043	0.0173030492494615	0.156396532349755	-0.151668789099231	-0.0722451744814864	-0.0313092757135258	-0.0173701306142611	-0.0993006974920629	0.326167942377229	-0.12299774361711	-0.0769368241505679	-0.0677028455163012	0.208261040111222	0.0871102107885008	0.0804231722606092	0.212892858640682	0.164996454650437	-0.0460481430360942	-0.321499598537855	-0.255747479327887	0.210401255326709	-0.325640574014684	-0.291928949347224	-0.284785996123365	0.20096066953629	-0.332667396240676	0.328261671117087	0.328561169771039	0.105885206168782	-0.139643970985263	0.297214874127123	0.0852127013639574	0.231303767278315	-0.303343741894664	0.264121146436359	-0.252285218897278	0.262652956104046	0.279756400597508	0.186352540785064	0.32707519203529	-0.30046543467649	-0.0697850950439961	-0.320448045025878	0.216327972474006	0.296007510744232	-0.29784651072956	-0.00217933449177213	-0.307448983999313	-0.252157389165446	0.250607113838954	-0.229474233504285	0.108070905337664
unknown.RT.5.261918	0.306065223396345	0.261083964194109	0.3359672955153	0.362997220991356	0.353696416863312	0.344380163753795	0.319377797103255	0.343084689538734	0.238226004733663	-0.425813743668673	-0.548954209469502	0.271937641072154	-0.140218062838561	-0.366202033751253	0.165169906832404	0.46545503336726	0.533783154536145	0.195917681845592	0.4116744399131	0.347497113481241	0.380691836396571	0.342230767267251	0.32982405675095	0.190662744503003	0.489588724216096	0.314401682402936	0.30063352225138	0.165452427947897	-0.0846375271701633	0.410589533182605	0.209670377052414	-0.295398731691373	0.257100030443957	0.369569219385315	0.373644760514332	0.196272351574883	0.526139369138133	0.145746878371748	0.32195961037925	0.2408142009472	0.461192256383914	-0.223975836748759	0.385600900753949	0.407114766968968	0.558189224846867	0.413980707304503	-0.233443028852031	-0.467926450023634	0.561518482726252	-0.350095865272164	-0.365457396865437	-0.499193124520772	0.415937534957194	-0.394993004699225	0.395995748213322	0.491263716739561	-0.290820431827572	0.266068896467611	0.497758818194207	-0.338284537882316	0.338449699832617	-0.324078071833575	0.425671941185759	-0.549222813711187	0.484084359301343	0.531949134445961	0.552840759619924	0.419149082379268	-0.269415451107496	0.381863229853364	-0.363361303469357	0.548139183065174	0.42995592971479	-0.592039288083502	0.451500540650117	-0.378283366297246	-0.441995487680066	0.557827000129629	-0.378800904104945	-0.308645797805197
